[neurology-icon-human-brain-sign-260nw-375006139.jpg]
filters=radblur=1,0.500000,0.500000,0.000000,0.000000;
moddate=6513f498f3ddd801
width=260
height=280
textactive=0
